C002_1 21 (1800,1806,3)
C002_2 21 (1800,1806,3)
C002_3 20 (1800,1806,3)
C002_4 20 (1800,1806,3)
C006_1 37 (1700,2708,3)
C006_2 45 (1700,2708,3)
J002_1 34 (1800,1809,3)
J002_2 34 (1800,1809,3)
J005_1 55 (1800,2708,3)
J005_2 56 (1800,2708,3)
L002_1 44 (1800,2708,3)
L002_2 55 (1800,2708,3)
L003_1 55 (1800,2708,3)
L003_2 55 (1800,2708,3)
L004_1 54 (1800,2708,3)
L004_2 34 (1800,2708,3)
L005_1 56 (1800,2708,3)
L007_1 29 (1800,2708,3)
L007_2 29 (1800,2708,3)
L008_1 54 (1800,2708,3)
L008_2 33 (1800,2708,3)
W001_1 53 (1800,2209,3)
W001_2 54 (1800,2209,3)
W003_1 49 (1800,2708,3)
W003_2 54 (1800,2708,3)
W004 54 (1800,2708,3)
W005_1 55 (1800,2708,3)
W005_2 41 (1800,2708,3)
W007 34 (1800,2708,3)
C003 38 (1800,2708,3)
J006 56 (1800,2708,3)
W006 54 (1800,2708,3)